# list of object assets to load in this scene
[ASSETS]
mario.txt
brick.txt
coin.txt
goomba.txt
cloud.txt
koopas.txt
base.txt
base1.txt
tree.txt
giftbox.txt
pipe.txt
box.txt
star.txt
enemy.txt
bullet.txt
mushroom.txt
#
[OBJECTS]
# type	x	y	extra_settings per object type
# type: 0 = Mario , 1 = Brick, 2 = Goomba, 3 = Koopas, 4 = coin , 5 = plaform , 6  = tree, 7 = cloud, 8 = giftbox, 9 = pipe , 10 = box , 11 = star ,12 = enemy
# See OBJECT_TYPE constants in AssetIDs.h



# BRICKS
1	0	0	30	16	1	2

1	1580	300	2	16	0	1

1	1662	365	3	16	0	1
1	1678	349	2	16	0	1
1	1694	333	1	16	0	1

1	1753	365	3	16	0	1
1	1753	349	2	16	0	1
1	1753	333	1	16	0	1

1	2055	365	7	16	0	2
1	2071	349	5	16	0	2
1	2087	333	4	16	0	2

1	2215	365	2	16	0	2
1	2215	349	1	16	0	2

1	2397	332	2	16	0	1
1	2397	270	2	16	0	1

# ENEMY
12	390	345	1	70	0

# STAR
11	60	300	1	70	0	2

# BOX
10	302	333	1	70	0	0
10	535	317	1	70	0	1
10	1405	325	1	70	0	3
10	1400	140	1	70	0	2
10	2315	300	1	70	0	4


# PIPE
9	390	350	1	31	0	0
9	1895	357	1	31	0	1
9	1965	350	1	31	0	0
9	2405	357	1	31	0	2
9	2405	167	1	31	0	3
9	2480	357	1	31	0	1

# GIFTBOX
8	200	317	2	16	0	0	0
8	250	270	1	16	0	0	0
8	266	270	1	16	0	0	1
8	450	285	1	16	0	0	0
8	695	350	1	16	0	0	0
8	745	318	1	16	0	0	0
8	1505	110	1	16	0	0	0
8	1530	330	1	16	0	0	0


# Tree
6	70	341	1	30	0	2
6	70	341	1	30	0	1

6	185	363	3	16	0	0
6	712	350	6	16	0	0

6	915	327	1	16	0	3
6	955	327	1	30	0	1
6	1095	350	2	16	0	0
6	1237	364	3	16	0	0

6	1820	364	3	16	0	0
6	1960	341	1	16	0	1
6	2560	310	1	16	0	4


# Cloud
7	160	245	1	70	0	1
7	360	235	1	70	0	0
7	795	275	1	70	0	2
7	1235	255	1	70	0	0
7	1475	175	4	15	0	3
7	1553	160	13	15	0	3
7	1768	250	1	15	0	2

7	2487	255	1	70	0	0

2560

#COIN
4	1127	298
4	1157	268
4	1187	238
4	1217	208
4	1247	178

4	1400	63
4	1415	63
4	1430	63

4	1537	93
4	1552	93

4	1598	112
4	1613	112
4	1628	112
4	1643	112

4	1673	93
4	1688	93
4	1703	93
4	1718	93

4	1748	130
4	1778	93
4	1808	112

# MARIO
0	300	210


#Goomba
2	250	310
2	600	310
2	630	310

#Koopas
3	550	310

#Platform
#5	90	336	16	16	16	51000	52000	53000
#5	120	290	16	16	16	20001	20001	20001

5	15	380	48	16	14	30001	30001	30001
5	715	374	120	33	4	40001	40001	40001
5	1210	380	48	16	8	30001	30001	30001
5	1630	380	48	16	2	30001	30001	30001
5	1770	380	48	16	13	30001	30001	30001
5	2415	380	48	16	13	30001	30001	30001

#Portal 
#50	300	110	316	140	2
